0.9990E-02	0.1295E-14
0.2102	0.1988E-13
0.4104	0.3267E-13
0.6105	0.4576E-13
0.8107	0.6035E-13
1.011	0.7479E-13
1.211	0.8781E-13
1.411	0.9896E-13
1.611	0.1083E-12
1.812	0.1160E-12
2.012	0.1223E-12
2.212	0.1277E-12
2.412	0.1322E-12
2.612	0.1360E-12
2.813	0.1393E-12
3.013	0.1422E-12
3.213	0.1449E-12
3.413	0.1473E-12
3.613	0.1495E-12
3.813	0.1515E-12
4.014	0.1535E-12
4.214	0.1553E-12
4.414	0.1571E-12
4.614	0.1588E-12
4.814	0.1605E-12
5.014	0.1621E-12
5.215	0.1637E-12
5.415	0.1653E-12
5.615	0.1668E-12
5.815	0.1683E-12
6.015	0.1698E-12
6.216	0.1713E-12
6.416	0.1728E-12
6.616	0.1742E-12
6.816	0.1756E-12
7.016	0.1770E-12
7.216	0.1784E-12
7.417	0.1798E-12
7.617	0.1812E-12
7.817	0.1825E-12
8.017	0.1839E-12
8.217	0.1852E-12
8.418	0.1865E-12
8.618	0.1878E-12
8.818	0.1891E-12
9.018	0.1903E-12
9.218	0.1916E-12
9.418	0.1928E-12
9.619	0.1941E-12
9.819	0.1953E-12
10.02	0.1965E-12
10.22	0.1977E-12
10.42	0.1988E-12
10.62	0.2000E-12
10.82	0.2011E-12
11.02	0.2023E-12
11.22	0.2034E-12
11.42	0.2045E-12
11.62	0.2056E-12
11.82	0.2067E-12
12.02	0.2078E-12
12.22	0.2089E-12
12.42	0.2099E-12
12.62	0.2110E-12
12.82	0.2120E-12
13.02	0.2130E-12
13.22	0.2140E-12
13.42	0.2150E-12
13.62	0.2160E-12
13.82	0.2170E-12
14.02	0.2180E-12
14.22	0.2189E-12
14.42	0.2199E-12
14.62	0.2208E-12
14.82	0.2218E-12
15.02	0.2227E-12
15.22	0.2236E-12
15.42	0.2245E-12
15.62	0.2254E-12
15.82	0.2263E-12
16.02	0.2272E-12
16.22	0.2280E-12
16.42	0.2289E-12
16.62	0.2298E-12
16.83	0.2306E-12
17.03	0.2314E-12
17.23	0.2323E-12
17.43	0.2331E-12
17.63	0.2339E-12
17.83	0.2347E-12
18.03	0.2355E-12
18.23	0.2363E-12
18.43	0.2370E-12
18.63	0.2378E-12
18.83	0.2386E-12
19.03	0.2393E-12
19.23	0.2401E-12
19.43	0.2408E-12
19.63	0.2415E-12
19.83	0.2423E-12
20.03	0.2430E-12
20.23	0.2437E-12
20.43	0.2444E-12
20.63	0.2451E-12
20.83	0.2458E-12
21.03	0.2465E-12
21.23	0.2471E-12
21.43	0.2478E-12
21.63	0.2485E-12
21.83	0.2491E-12
22.03	0.2498E-12
22.23	0.2504E-12
22.43	0.2511E-12
22.63	0.2517E-12
22.83	0.2523E-12
23.03	0.2529E-12
23.23	0.2536E-12
23.43	0.2542E-12
23.63	0.2548E-12
23.83	0.2554E-12
24.03	0.2560E-12
24.23	0.2565E-12
24.43	0.2571E-12
24.63	0.2577E-12
24.83	0.2583E-12
25.03	0.2588E-12
25.23	0.2594E-12
25.43	0.2599E-12
25.63	0.2605E-12
25.83	0.2610E-12
26.03	0.2616E-12
26.23	0.2621E-12
26.43	0.2626E-12
26.63	0.2631E-12
26.83	0.2637E-12
27.03	0.2642E-12
27.23	0.2647E-12
27.43	0.2652E-12
27.63	0.2657E-12
27.84	0.2662E-12
28.04	0.2667E-12
28.24	0.2671E-12
28.44	0.2676E-12
28.64	0.2681E-12
28.84	0.2686E-12
29.04	0.2690E-12
29.24	0.2695E-12
29.44	0.2700E-12
29.64	0.2704E-12
29.84	0.2709E-12
30.04	0.2713E-12
30.24	0.2718E-12
30.44	0.2722E-12
30.64	0.2726E-12
30.84	0.2731E-12
31.04	0.2735E-12
31.24	0.2739E-12
31.44	0.2743E-12
31.64	0.2748E-12
31.84	0.2752E-12
32.04	0.2756E-12
32.24	0.2760E-12
32.44	0.2764E-12
32.64	0.2768E-12
32.84	0.2772E-12
33.04	0.2776E-12
33.24	0.2780E-12
33.44	0.2784E-12
33.64	0.2787E-12
33.84	0.2791E-12
34.04	0.2795E-12
34.24	0.2799E-12
34.44	0.2802E-12
34.64	0.2806E-12
34.84	0.2810E-12
35.04	0.2813E-12
35.24	0.2817E-12
35.44	0.2820E-12
35.64	0.2824E-12
35.84	0.2828E-12
36.04	0.2831E-12
36.24	0.2834E-12
36.44	0.2838E-12
36.64	0.2841E-12
36.84	0.2845E-12
37.04	0.2848E-12
37.24	0.2851E-12
37.44	0.2854E-12
37.64	0.2858E-12
37.84	0.2861E-12
38.04	0.2864E-12
38.24	0.2867E-12
38.44	0.2870E-12
38.64	0.2874E-12
38.84	0.2877E-12
39.05	0.2880E-12
39.25	0.2883E-12
39.45	0.2886E-12
39.65	0.2889E-12
39.85	0.2892E-12
40.05	0.2895E-12
40.25	0.2898E-12
40.45	0.2901E-12
40.65	0.2903E-12
40.85	0.2906E-12
41.05	0.2909E-12
41.25	0.2912E-12
41.45	0.2915E-12
41.65	0.2918E-12
41.85	0.2920E-12
42.05	0.2923E-12
42.25	0.2926E-12
42.45	0.2929E-12
42.65	0.2931E-12
42.85	0.2934E-12
43.05	0.2937E-12
43.25	0.2939E-12
43.45	0.2942E-12
43.65	0.2944E-12
43.85	0.2947E-12
44.05	0.2949E-12
44.25	0.2952E-12
44.45	0.2954E-12
44.65	0.2957E-12
44.85	0.2959E-12
45.05	0.2962E-12
45.25	0.2964E-12
45.45	0.2967E-12
45.65	0.2969E-12
45.85	0.2971E-12
46.05	0.2974E-12
46.25	0.2976E-12
46.45	0.2979E-12
46.65	0.2981E-12
46.85	0.2983E-12
47.05	0.2985E-12
47.25	0.2988E-12
47.45	0.2990E-12
47.65	0.2992E-12
47.85	0.2994E-12
48.05	0.2997E-12
48.25	0.2999E-12
48.45	0.3001E-12
48.65	0.3003E-12
48.85	0.3005E-12
49.05	0.3008E-12
49.25	0.3010E-12
49.45	0.3012E-12
49.65	0.3014E-12
49.85	0.3016E-12
50.06	0.3018E-12
50.26	0.3020E-12
50.46	0.3022E-12
50.66	0.3024E-12
50.86	0.3026E-12
51.06	0.3028E-12
51.26	0.3030E-12
51.46	0.3032E-12
51.66	0.3034E-12
51.86	0.3036E-12
52.06	0.3038E-12
52.26	0.3040E-12
52.46	0.3042E-12
52.66	0.3044E-12
52.86	0.3045E-12
53.06	0.3047E-12
53.26	0.3049E-12
53.46	0.3051E-12
53.66	0.3053E-12
53.86	0.3055E-12
54.06	0.3056E-12
54.26	0.3058E-12
54.46	0.3060E-12
54.66	0.3062E-12
54.86	0.3064E-12
55.06	0.3065E-12
55.26	0.3067E-12
55.46	0.3069E-12
55.66	0.3071E-12
55.86	0.3072E-12
56.06	0.3074E-12
56.26	0.3076E-12
56.46	0.3077E-12
56.66	0.3079E-12
56.86	0.3081E-12
57.06	0.3082E-12
57.26	0.3084E-12
57.46	0.3086E-12
57.66	0.3087E-12
57.86	0.3089E-12
58.06	0.3090E-12
58.26	0.3092E-12
58.46	0.3094E-12
58.66	0.3095E-12
58.86	0.3097E-12
59.06	0.3098E-12
59.26	0.3100E-12
59.46	0.3101E-12
59.66	0.3103E-12
59.86	0.3104E-12
60.06	0.3106E-12
60.26	0.3107E-12
60.46	0.3109E-12
60.66	0.3110E-12
60.86	0.3112E-12
61.06	0.3113E-12
61.27	0.3115E-12
61.47	0.3116E-12
61.67	0.3118E-12
61.87	0.3119E-12
62.07	0.3120E-12
62.27	0.3122E-12
62.47	0.3123E-12
62.67	0.3125E-12
62.87	0.3126E-12
63.07	0.3127E-12
63.27	0.3129E-12
63.47	0.3130E-12
63.67	0.3131E-12
63.87	0.3133E-12
64.07	0.3134E-12
64.27	0.3135E-12
64.47	0.3137E-12
64.67	0.3138E-12
64.87	0.3139E-12
65.07	0.3141E-12
65.27	0.3142E-12
65.47	0.3143E-12
65.67	0.3144E-12
65.87	0.3146E-12
66.07	0.3147E-12
66.27	0.3148E-12
66.47	0.3150E-12
66.67	0.3151E-12
66.87	0.3152E-12
67.07	0.3153E-12
67.27	0.3154E-12
67.47	0.3156E-12
67.67	0.3157E-12
67.87	0.3158E-12
68.07	0.3159E-12
68.27	0.3160E-12
68.47	0.3162E-12
68.67	0.3163E-12
68.87	0.3164E-12
69.07	0.3165E-12
69.27	0.3166E-12
69.47	0.3167E-12
69.67	0.3169E-12
69.87	0.3170E-12
70.07	0.3171E-12
70.27	0.3172E-12
70.47	0.3173E-12
70.67	0.3174E-12
70.87	0.3175E-12
71.07	0.3176E-12
71.27	0.3177E-12
71.47	0.3179E-12
71.67	0.3180E-12
71.87	0.3181E-12
72.07	0.3182E-12
72.28	0.3183E-12
72.48	0.3184E-12
72.68	0.3185E-12
72.88	0.3186E-12
73.08	0.3187E-12
73.28	0.3188E-12
73.48	0.3189E-12
73.68	0.3190E-12
73.88	0.3191E-12
74.08	0.3192E-12
74.28	0.3193E-12
74.48	0.3194E-12
74.68	0.3195E-12
74.88	0.3196E-12
75.08	0.3197E-12
75.28	0.3198E-12
75.48	0.3199E-12
75.68	0.3200E-12
75.88	0.3201E-12
76.08	0.3202E-12
76.28	0.3203E-12
76.48	0.3204E-12
76.68	0.3205E-12
76.88	0.3206E-12
77.08	0.3207E-12
77.28	0.3208E-12
77.48	0.3209E-12
77.68	0.3209E-12
77.88	0.3210E-12
78.08	0.3211E-12
78.28	0.3212E-12
78.48	0.3213E-12
78.68	0.3214E-12
78.88	0.3215E-12
79.08	0.3216E-12
79.28	0.3217E-12
79.48	0.3218E-12
79.68	0.3218E-12
79.88	0.3219E-12
80.08	0.3220E-12
80.28	0.3221E-12
80.48	0.3222E-12
80.68	0.3223E-12
80.88	0.3224E-12
81.08	0.3224E-12
81.28	0.3225E-12
81.48	0.3226E-12
81.68	0.3227E-12
81.88	0.3228E-12
82.08	0.3229E-12
82.28	0.3229E-12
82.48	0.3230E-12
82.68	0.3231E-12
82.88	0.3232E-12
83.08	0.3233E-12
83.28	0.3233E-12
83.49	0.3234E-12
83.69	0.3235E-12
83.89	0.3236E-12
84.09	0.3237E-12
84.29	0.3237E-12
84.49	0.3238E-12
84.69	0.3239E-12
84.89	0.3240E-12
85.09	0.3240E-12
85.29	0.3241E-12
85.49	0.3242E-12
85.69	0.3243E-12
85.89	0.3243E-12
86.09	0.3244E-12
86.29	0.3245E-12
86.49	0.3246E-12
86.69	0.3246E-12
86.89	0.3247E-12
87.09	0.3248E-12
87.29	0.3249E-12
87.49	0.3249E-12
87.69	0.3250E-12
87.89	0.3251E-12
88.09	0.3251E-12
88.29	0.3252E-12
88.49	0.3253E-12
88.69	0.3254E-12
88.89	0.3254E-12
89.09	0.3255E-12
89.29	0.3256E-12
89.49	0.3256E-12
89.69	0.3257E-12
89.89	0.3258E-12
90.09	0.3258E-12
90.29	0.3259E-12
90.49	0.3260E-12
90.69	0.3260E-12
90.89	0.3261E-12
91.09	0.3262E-12
91.29	0.3262E-12
91.49	0.3263E-12
91.69	0.3264E-12
91.89	0.3264E-12
92.09	0.3265E-12
92.29	0.3266E-12
92.49	0.3266E-12
92.69	0.3267E-12
92.89	0.3267E-12
93.09	0.3268E-12
93.29	0.3269E-12
93.49	0.3269E-12
93.69	0.3270E-12
93.89	0.3271E-12
94.09	0.3271E-12
94.29	0.3272E-12
94.50	0.3272E-12
94.70	0.3273E-12
94.90	0.3274E-12
95.10	0.3274E-12
95.30	0.3275E-12
95.50	0.3275E-12
95.70	0.3276E-12
95.90	0.3277E-12
96.10	0.3277E-12
96.30	0.3278E-12
96.50	0.3278E-12
96.70	0.3279E-12
96.90	0.3279E-12
97.10	0.3280E-12
97.30	0.3281E-12
97.50	0.3281E-12
97.70	0.3282E-12
97.90	0.3282E-12
98.10	0.3283E-12
98.30	0.3283E-12
98.50	0.3284E-12
98.70	0.3284E-12
98.90	0.3285E-12
99.10	0.3286E-12
99.30	0.3286E-12
99.50	0.3287E-12
99.70	0.3287E-12
99.90	0.3288E-12
