NaN	0.9990E-02
0.5232	0.2102
6.400	0.4104
22.55	0.6105
43.20	0.8107
62.53	1.011
78.07	1.211
89.56	1.411
97.84	1.611
103.8	1.812
108.1	2.012
111.7	2.212
114.9	2.412
118.2	2.612
122.0	2.813
126.4	3.013
131.5	3.213
137.4	3.413
144.2	3.613
151.6	3.813
159.9	4.014
168.7	4.214
178.4	4.414
188.3	4.614
199.1	4.814
210.0	5.014
221.3	5.215
233.1	5.415
244.9	5.615
257.1	5.815
269.6	6.015
282.0	6.216
294.5	6.416
307.4	6.616
320.4	6.816
333.1	7.016
346.0	7.216
359.0	7.417
372.2	7.617
385.3	7.817
398.2	8.017
411.2	8.217
424.1	8.418
437.1	8.618
450.2	8.818
463.2	9.018
476.0	9.218
488.7	9.418
501.4	9.619
514.2	9.819
526.9	10.02
539.6	10.22
552.1	10.42
564.5	10.62
576.9	10.82
589.2	11.02
601.5	11.22
613.7	11.42
625.8	11.62
637.9	11.82
649.9	12.02
661.7	12.22
673.5	12.42
685.2	12.62
696.9	12.82
708.5	13.02
720.0	13.22
731.4	13.42
742.7	13.62
754.0	13.82
765.2	14.02
776.3	14.22
787.3	14.42
798.2	14.62
809.0	14.82
819.8	15.02
830.4	15.22
841.0	15.42
851.6	15.62
862.0	15.82
872.4	16.02
882.7	16.22
892.9	16.42
903.1	16.62
913.1	16.83
923.1	17.03
932.9	17.23
942.8	17.43
952.6	17.63
962.3	17.83
971.8	18.03
981.3	18.23
990.7	18.43
1000.	18.63
1009.	18.83
1019.	19.03
1028.	19.23
1037.	19.43
1046.	19.63
1055.	19.83
1064.	20.03
1073.	20.23
1081.	20.43
1090.	20.63
1099.	20.83
1107.	21.03
1116.	21.23
1124.	21.43
1132.	21.63
1141.	21.83
1149.	22.03
1157.	22.23
1165.	22.43
1173.	22.63
1181.	22.83
1189.	23.03
1197.	23.23
1204.	23.43
1212.	23.63
1220.	23.83
1227.	24.03
1235.	24.23
1242.	24.43
1250.	24.63
1257.	24.83
1264.	25.03
1272.	25.23
1279.	25.43
1286.	25.63
1293.	25.83
1300.	26.03
1307.	26.23
1314.	26.43
1321.	26.63
1328.	26.83
1335.	27.03
1341.	27.23
1348.	27.43
1355.	27.63
1361.	27.84
1368.	28.04
1374.	28.24
1381.	28.44
1387.	28.64
1393.	28.84
1400.	29.04
1406.	29.24
1412.	29.44
1418.	29.64
1424.	29.84
1430.	30.04
1437.	30.24
1443.	30.44
1448.	30.64
1454.	30.84
1460.	31.04
1466.	31.24
1472.	31.44
1478.	31.64
1483.	31.84
1489.	32.04
1495.	32.24
1500.	32.44
1506.	32.64
1511.	32.84
1517.	33.04
1522.	33.24
1528.	33.44
1533.	33.64
1538.	33.84
1544.	34.04
1549.	34.24
1554.	34.44
1560.	34.64
1565.	34.84
1570.	35.04
1575.	35.24
1580.	35.44
1585.	35.64
1590.	35.84
1595.	36.04
1600.	36.24
1605.	36.44
1610.	36.64
1615.	36.84
1619.	37.04
1624.	37.24
1629.	37.44
1634.	37.64
1638.	37.84
1643.	38.04
1647.	38.24
1652.	38.44
1656.	38.64
1661.	38.84
1666.	39.05
1670.	39.25
1675.	39.45
1679.	39.65
1684.	39.85
1688.	40.05
1692.	40.25
1696.	40.45
1701.	40.65
1705.	40.85
1709.	41.05
1714.	41.25
1718.	41.45
1722.	41.65
1726.	41.85
1730.	42.05
1734.	42.25
1738.	42.45
1742.	42.65
1746.	42.85
1750.	43.05
1754.	43.25
1758.	43.45
1762.	43.65
1766.	43.85
1770.	44.05
1774.	44.25
1778.	44.45
1782.	44.65
1785.	44.85
1789.	45.05
1793.	45.25
1797.	45.45
1800.	45.65
1804.	45.85
1808.	46.05
1811.	46.25
1815.	46.45
1819.	46.65
1822.	46.85
1826.	47.05
1829.	47.25
1833.	47.45
1836.	47.65
1840.	47.85
1843.	48.05
1847.	48.25
1850.	48.45
1854.	48.65
1857.	48.85
1860.	49.05
1864.	49.25
1867.	49.45
1871.	49.65
1874.	49.85
1877.	50.06
1880.	50.26
1884.	50.46
1887.	50.66
1890.	50.86
1893.	51.06
1896.	51.26
1900.	51.46
1903.	51.66
1906.	51.86
1909.	52.06
1912.	52.26
1915.	52.46
1918.	52.66
1921.	52.86
1924.	53.06
1927.	53.26
1931.	53.46
1934.	53.66
1936.	53.86
1939.	54.06
1942.	54.26
1945.	54.46
1948.	54.66
1951.	54.86
1954.	55.06
1957.	55.26
1960.	55.46
1962.	55.66
1965.	55.86
1968.	56.06
1971.	56.26
1974.	56.46
1977.	56.66
1979.	56.86
1982.	57.06
1985.	57.26
1987.	57.46
1990.	57.66
1993.	57.86
1996.	58.06
1998.	58.26
2001.	58.46
2004.	58.66
2006.	58.86
2009.	59.06
2011.	59.26
2014.	59.46
2016.	59.66
2019.	59.86
2022.	60.06
2024.	60.26
2027.	60.46
2029.	60.66
2032.	60.86
2034.	61.06
2037.	61.27
2039.	61.47
2042.	61.67
2044.	61.87
2047.	62.07
2049.	62.27
2051.	62.47
2054.	62.67
2056.	62.87
2059.	63.07
2061.	63.27
2063.	63.47
2066.	63.67
2068.	63.87
2070.	64.07
2073.	64.27
2075.	64.47
2077.	64.67
2079.	64.87
2082.	65.07
2084.	65.27
2086.	65.47
2089.	65.67
2091.	65.87
2093.	66.07
2095.	66.27
2097.	66.47
2100.	66.67
2102.	66.87
2104.	67.07
2106.	67.27
2108.	67.47
2110.	67.67
2113.	67.87
2115.	68.07
2117.	68.27
2119.	68.47
2121.	68.67
2123.	68.87
2125.	69.07
2127.	69.27
2129.	69.47
2131.	69.67
2133.	69.87
2135.	70.07
2137.	70.27
2139.	70.47
2142.	70.67
2144.	70.87
2146.	71.07
2148.	71.27
2149.	71.47
2151.	71.67
2153.	71.87
2155.	72.07
2157.	72.28
2159.	72.48
2161.	72.68
2163.	72.88
2165.	73.08
2167.	73.28
2169.	73.48
2170.	73.68
2172.	73.88
2174.	74.08
2176.	74.28
2178.	74.48
2180.	74.68
2181.	74.88
2183.	75.08
2185.	75.28
2187.	75.48
2189.	75.68
2191.	75.88
2192.	76.08
2194.	76.28
2196.	76.48
2198.	76.68
2200.	76.88
2201.	77.08
2203.	77.28
2205.	77.48
2207.	77.68
2208.	77.88
2210.	78.08
2212.	78.28
2213.	78.48
2215.	78.68
2217.	78.88
2218.	79.08
2220.	79.28
2222.	79.48
2223.	79.68
2225.	79.88
2227.	80.08
2228.	80.28
2230.	80.48
2231.	80.68
2233.	80.88
2235.	81.08
2236.	81.28
2238.	81.48
2239.	81.68
2241.	81.88
2243.	82.08
2244.	82.28
2246.	82.48
2247.	82.68
2249.	82.88
2250.	83.08
2252.	83.28
2254.	83.49
2255.	83.69
2257.	83.89
2258.	84.09
2260.	84.29
2261.	84.49
2263.	84.69
2264.	84.89
2266.	85.09
2267.	85.29
2269.	85.49
2270.	85.69
2272.	85.89
2273.	86.09
2274.	86.29
2276.	86.49
2277.	86.69
2279.	86.89
2280.	87.09
2282.	87.29
2283.	87.49
2284.	87.69
2286.	87.89
2287.	88.09
2289.	88.29
2290.	88.49
2291.	88.69
2293.	88.89
2294.	89.09
2296.	89.29
2297.	89.49
2298.	89.69
2300.	89.89
2301.	90.09
2302.	90.29
2304.	90.49
2305.	90.69
2306.	90.89
2308.	91.09
2309.	91.29
2310.	91.49
2312.	91.69
2313.	91.89
2314.	92.09
2315.	92.29
2317.	92.49
2318.	92.69
2319.	92.89
2321.	93.09
2322.	93.29
2323.	93.49
2325.	93.69
2326.	93.89
2327.	94.09
2328.	94.29
2330.	94.50
2331.	94.70
2332.	94.90
2333.	95.10
2334.	95.30
2336.	95.50
2337.	95.70
2338.	95.90
2339.	96.10
2340.	96.30
2342.	96.50
2343.	96.70
2344.	96.90
2345.	97.10
2346.	97.30
2348.	97.50
2349.	97.70
2350.	97.90
2351.	98.10
2352.	98.30
2353.	98.50
2355.	98.70
2356.	98.90
2357.	99.10
2358.	99.30
2359.	99.50
2360.	99.70
2361.	99.90