0.9990E-02	0.000
0.2102	0.000
0.4104	0.000
0.6105	0.000
0.8107	0.000
1.011	0.8800E-25
1.211	0.1964E-22
1.411	0.3594E-21
1.611	0.3114E-20
1.812	0.1689E-19
2.012	0.6612E-19
2.212	0.2039E-18
2.412	0.5255E-18
2.612	0.1179E-17
2.813	0.2370E-17
3.013	0.4364E-17
3.213	0.7477E-17
3.413	0.1207E-16
3.613	0.1854E-16
3.813	0.2731E-16
4.014	0.3880E-16
4.214	0.5343E-16
4.414	0.7164E-16
4.614	0.9383E-16
4.814	0.1204E-15
5.014	0.1516E-15
5.215	0.1879E-15
5.415	0.2295E-15
5.615	0.2767E-15
5.815	0.3297E-15
6.015	0.3887E-15
6.216	0.4538E-15
6.416	0.5253E-15
6.616	0.6032E-15
6.816	0.6876E-15
7.016	0.7785E-15
7.216	0.8760E-15
7.417	0.9800E-15
7.617	0.1091E-14
7.817	0.1208E-14
8.017	0.1332E-14
8.217	0.1462E-14
8.418	0.1598E-14
8.618	0.1741E-14
8.818	0.1890E-14
9.018	0.2046E-14
9.218	0.2207E-14
9.418	0.2374E-14
9.619	0.2547E-14
9.819	0.2726E-14
10.02	0.2910E-14
10.22	0.3100E-14
10.42	0.3295E-14
10.62	0.3495E-14
10.82	0.3700E-14
11.02	0.3910E-14
11.22	0.4125E-14
11.42	0.4345E-14
11.62	0.4569E-14
11.82	0.4797E-14
12.02	0.5030E-14
12.22	0.5267E-14
12.42	0.5508E-14
12.62	0.5752E-14
12.82	0.6001E-14
13.02	0.6253E-14
13.22	0.6509E-14
13.42	0.6768E-14
13.62	0.7030E-14
13.82	0.7296E-14
14.02	0.7565E-14
14.22	0.7837E-14
14.42	0.8111E-14
14.62	0.8389E-14
14.82	0.8669E-14
15.02	0.8951E-14
15.22	0.9236E-14
15.42	0.9524E-14
15.62	0.9813E-14
15.82	0.1011E-13
16.02	0.1040E-13
16.22	0.1070E-13
16.42	0.1099E-13
16.62	0.1129E-13
16.83	0.1159E-13
17.03	0.1190E-13
17.23	0.1220E-13
17.43	0.1251E-13
17.63	0.1282E-13
17.83	0.1313E-13
18.03	0.1344E-13
18.23	0.1375E-13
18.43	0.1406E-13
18.63	0.1438E-13
18.83	0.1469E-13
19.03	0.1501E-13
19.23	0.1533E-13
19.43	0.1564E-13
19.63	0.1596E-13
19.83	0.1628E-13
20.03	0.1660E-13
20.23	0.1693E-13
20.43	0.1725E-13
20.63	0.1757E-13
20.83	0.1790E-13
21.03	0.1822E-13
21.23	0.1854E-13
21.43	0.1887E-13
21.63	0.1919E-13
21.83	0.1952E-13
22.03	0.1985E-13
22.23	0.2017E-13
22.43	0.2050E-13
22.63	0.2083E-13
22.83	0.2115E-13
23.03	0.2148E-13
23.23	0.2181E-13
23.43	0.2214E-13
23.63	0.2246E-13
23.83	0.2279E-13
24.03	0.2312E-13
24.23	0.2345E-13
24.43	0.2377E-13
24.63	0.2410E-13
24.83	0.2443E-13
25.03	0.2475E-13
25.23	0.2508E-13
25.43	0.2541E-13
25.63	0.2574E-13
25.83	0.2606E-13
26.03	0.2639E-13
26.23	0.2672E-13
26.43	0.2704E-13
26.63	0.2737E-13
26.83	0.2769E-13
27.03	0.2802E-13
27.23	0.2834E-13
27.43	0.2867E-13
27.63	0.2899E-13
27.84	0.2931E-13
28.04	0.2964E-13
28.24	0.2996E-13
28.44	0.3028E-13
28.64	0.3060E-13
28.84	0.3093E-13
29.04	0.3125E-13
29.24	0.3157E-13
29.44	0.3189E-13
29.64	0.3221E-13
29.84	0.3253E-13
30.04	0.3284E-13
30.24	0.3316E-13
30.44	0.3348E-13
30.64	0.3380E-13
30.84	0.3411E-13
31.04	0.3443E-13
31.24	0.3474E-13
31.44	0.3506E-13
31.64	0.3537E-13
31.84	0.3569E-13
32.04	0.3600E-13
32.24	0.3631E-13
32.44	0.3662E-13
32.64	0.3693E-13
32.84	0.3724E-13
33.04	0.3755E-13
33.24	0.3786E-13
33.44	0.3817E-13
33.64	0.3848E-13
33.84	0.3878E-13
34.04	0.3909E-13
34.24	0.3939E-13
34.44	0.3970E-13
34.64	0.4000E-13
34.84	0.4031E-13
35.04	0.4061E-13
35.24	0.4091E-13
35.44	0.4121E-13
35.64	0.4152E-13
35.84	0.4182E-13
36.04	0.4211E-13
36.24	0.4241E-13
36.44	0.4271E-13
36.64	0.4301E-13
36.84	0.4330E-13
37.04	0.4360E-13
37.24	0.4390E-13
37.44	0.4419E-13
37.64	0.4448E-13
37.84	0.4478E-13
38.04	0.4507E-13
38.24	0.4536E-13
38.44	0.4565E-13
38.64	0.4594E-13
38.84	0.4623E-13
39.05	0.4652E-13
39.25	0.4680E-13
39.45	0.4709E-13
39.65	0.4738E-13
39.85	0.4766E-13
40.05	0.4795E-13
40.25	0.4823E-13
40.45	0.4851E-13
40.65	0.4879E-13
40.85	0.4908E-13
41.05	0.4936E-13
41.25	0.4964E-13
41.45	0.4991E-13
41.65	0.5019E-13
41.85	0.5047E-13
42.05	0.5075E-13
42.25	0.5102E-13
42.45	0.5130E-13
42.65	0.5157E-13
42.85	0.5185E-13
43.05	0.5212E-13
43.25	0.5239E-13
43.45	0.5267E-13
43.65	0.5294E-13
43.85	0.5321E-13
44.05	0.5347E-13
44.25	0.5374E-13
44.45	0.5401E-13
44.65	0.5428E-13
44.85	0.5455E-13
45.05	0.5481E-13
45.25	0.5508E-13
45.45	0.5534E-13
45.65	0.5560E-13
45.85	0.5587E-13
46.05	0.5613E-13
46.25	0.5639E-13
46.45	0.5665E-13
46.65	0.5691E-13
46.85	0.5717E-13
47.05	0.5743E-13
47.25	0.5768E-13
47.45	0.5794E-13
47.65	0.5820E-13
47.85	0.5845E-13
48.05	0.5870E-13
48.25	0.5896E-13
48.45	0.5921E-13
48.65	0.5946E-13
48.85	0.5972E-13
49.05	0.5997E-13
49.25	0.6022E-13
49.45	0.6047E-13
49.65	0.6071E-13
49.85	0.6096E-13
50.06	0.6121E-13
50.26	0.6146E-13
50.46	0.6170E-13
50.66	0.6195E-13
50.86	0.6219E-13
51.06	0.6243E-13
51.26	0.6268E-13
51.46	0.6292E-13
51.66	0.6316E-13
51.86	0.6340E-13
52.06	0.6364E-13
52.26	0.6388E-13
52.46	0.6412E-13
52.66	0.6436E-13
52.86	0.6460E-13
53.06	0.6483E-13
53.26	0.6507E-13
53.46	0.6530E-13
53.66	0.6554E-13
53.86	0.6577E-13
54.06	0.6600E-13
54.26	0.6624E-13
54.46	0.6647E-13
54.66	0.6670E-13
54.86	0.6693E-13
55.06	0.6716E-13
55.26	0.6739E-13
55.46	0.6762E-13
55.66	0.6785E-13
55.86	0.6807E-13
56.06	0.6830E-13
56.26	0.6853E-13
56.46	0.6875E-13
56.66	0.6897E-13
56.86	0.6920E-13
57.06	0.6942E-13
57.26	0.6964E-13
57.46	0.6987E-13
57.66	0.7009E-13
57.86	0.7031E-13
58.06	0.7053E-13
58.26	0.7075E-13
58.46	0.7097E-13
58.66	0.7118E-13
58.86	0.7140E-13
59.06	0.7162E-13
59.26	0.7183E-13
59.46	0.7205E-13
59.66	0.7226E-13
59.86	0.7248E-13
60.06	0.7269E-13
60.26	0.7290E-13
60.46	0.7312E-13
60.66	0.7333E-13
60.86	0.7354E-13
61.06	0.7375E-13
61.27	0.7396E-13
61.47	0.7417E-13
61.67	0.7438E-13
61.87	0.7459E-13
62.07	0.7479E-13
62.27	0.7500E-13
62.47	0.7521E-13
62.67	0.7541E-13
62.87	0.7562E-13
63.07	0.7582E-13
63.27	0.7603E-13
63.47	0.7623E-13
63.67	0.7643E-13
63.87	0.7663E-13
64.07	0.7684E-13
64.27	0.7704E-13
64.47	0.7724E-13
64.67	0.7744E-13
64.87	0.7764E-13
65.07	0.7783E-13
65.27	0.7803E-13
65.47	0.7823E-13
65.67	0.7843E-13
65.87	0.7862E-13
66.07	0.7882E-13
66.27	0.7901E-13
66.47	0.7921E-13
66.67	0.7940E-13
66.87	0.7960E-13
67.07	0.7979E-13
67.27	0.7998E-13
67.47	0.8017E-13
67.67	0.8037E-13
67.87	0.8056E-13
68.07	0.8075E-13
68.27	0.8094E-13
68.47	0.8112E-13
68.67	0.8131E-13
68.87	0.8150E-13
69.07	0.8169E-13
69.27	0.8188E-13
69.47	0.8206E-13
69.67	0.8225E-13
69.87	0.8243E-13
70.07	0.8262E-13
70.27	0.8280E-13
70.47	0.8299E-13
70.67	0.8317E-13
70.87	0.8335E-13
71.07	0.8354E-13
71.27	0.8372E-13
71.47	0.8390E-13
71.67	0.8408E-13
71.87	0.8426E-13
72.07	0.8444E-13
72.28	0.8462E-13
72.48	0.8480E-13
72.68	0.8497E-13
72.88	0.8515E-13
73.08	0.8533E-13
73.28	0.8551E-13
73.48	0.8568E-13
73.68	0.8586E-13
73.88	0.8603E-13
74.08	0.8621E-13
74.28	0.8638E-13
74.48	0.8656E-13
74.68	0.8673E-13
74.88	0.8690E-13
75.08	0.8707E-13
75.28	0.8725E-13
75.48	0.8742E-13
75.68	0.8759E-13
75.88	0.8776E-13
76.08	0.8793E-13
76.28	0.8810E-13
76.48	0.8827E-13
76.68	0.8843E-13
76.88	0.8860E-13
77.08	0.8877E-13
77.28	0.8894E-13
77.48	0.8910E-13
77.68	0.8927E-13
77.88	0.8943E-13
78.08	0.8960E-13
78.28	0.8976E-13
78.48	0.8993E-13
78.68	0.9009E-13
78.88	0.9026E-13
79.08	0.9042E-13
79.28	0.9058E-13
79.48	0.9074E-13
79.68	0.9090E-13
79.88	0.9107E-13
80.08	0.9123E-13
80.28	0.9139E-13
80.48	0.9155E-13
80.68	0.9171E-13
80.88	0.9187E-13
81.08	0.9202E-13
81.28	0.9218E-13
81.48	0.9234E-13
81.68	0.9250E-13
81.88	0.9265E-13
82.08	0.9281E-13
82.28	0.9297E-13
82.48	0.9312E-13
82.68	0.9328E-13
82.88	0.9343E-13
83.08	0.9358E-13
83.28	0.9374E-13
83.49	0.9389E-13
83.69	0.9404E-13
83.89	0.9420E-13
84.09	0.9435E-13
84.29	0.9450E-13
84.49	0.9465E-13
84.69	0.9480E-13
84.89	0.9495E-13
85.09	0.9510E-13
85.29	0.9525E-13
85.49	0.9540E-13
85.69	0.9555E-13
85.89	0.9570E-13
86.09	0.9585E-13
86.29	0.9600E-13
86.49	0.9614E-13
86.69	0.9629E-13
86.89	0.9644E-13
87.09	0.9658E-13
87.29	0.9673E-13
87.49	0.9687E-13
87.69	0.9702E-13
87.89	0.9716E-13
88.09	0.9731E-13
88.29	0.9745E-13
88.49	0.9760E-13
88.69	0.9774E-13
88.89	0.9788E-13
89.09	0.9802E-13
89.29	0.9816E-13
89.49	0.9831E-13
89.69	0.9845E-13
89.89	0.9859E-13
90.09	0.9873E-13
90.29	0.9887E-13
90.49	0.9901E-13
90.69	0.9915E-13
90.89	0.9929E-13
91.09	0.9943E-13
91.29	0.9956E-13
91.49	0.9970E-13
91.69	0.9984E-13
91.89	0.9998E-13
92.09	0.1001E-12
92.29	0.1002E-12
92.49	0.1004E-12
92.69	0.1005E-12
92.89	0.1007E-12
93.09	0.1008E-12
93.29	0.1009E-12
93.49	0.1011E-12
93.69	0.1012E-12
93.89	0.1013E-12
94.09	0.1015E-12
94.29	0.1016E-12
94.50	0.1017E-12
94.70	0.1019E-12
94.90	0.1020E-12
95.10	0.1021E-12
95.30	0.1023E-12
95.50	0.1024E-12
95.70	0.1025E-12
95.90	0.1026E-12
96.10	0.1028E-12
96.30	0.1029E-12
96.50	0.1030E-12
96.70	0.1032E-12
96.90	0.1033E-12
97.10	0.1034E-12
97.30	0.1035E-12
97.50	0.1037E-12
97.70	0.1038E-12
97.90	0.1039E-12
98.10	0.1041E-12
98.30	0.1042E-12
98.50	0.1043E-12
98.70	0.1044E-12
98.90	0.1046E-12
99.10	0.1047E-12
99.30	0.1048E-12
99.50	0.1049E-12
99.70	0.1051E-12
99.90	0.1052E-12