E/N (Td)          Energy (eV)       Temp (K)          Mobility ()         Diffusion ()        Ionization Rate ()  
1.000e-02         2.923e-01         2.261e+03         2.854e-01         4.417e-02         0.000e+00
4.741e+00         8.548e-01         6.613e+03         9.202e-02         6.966e-02         -4.023e-53
9.473e+00         9.677e-01         7.486e+03         7.454e-02         7.191e-02         -2.221e-36
1.420e+01         1.011e+00         7.819e+03         6.684e-02         7.226e-02         -1.352e-31
1.894e+01         1.036e+00         8.018e+03         6.248e-02         7.220e-02         1.360e-34
2.367e+01         1.057e+00         8.176e+03         5.952e-02         7.201e-02         6.420e-31
2.840e+01         1.075e+00         8.315e+03         5.712e-02         7.177e-02         2.005e-28
3.313e+01         1.092e+00         8.448e+03         5.542e-02         7.151e-02         1.285e-26
3.786e+01         1.110e+00         8.590e+03         5.383e-02         7.128e-02         3.025e-25
4.259e+01         1.132e+00         8.757e+03         5.260e-02         7.108e-02         3.684e-24
4.732e+01         1.159e+00         8.969e+03         5.137e-02         7.101e-02         2.763e-23
5.206e+01         1.196e+00         9.250e+03         5.030e-02         7.112e-02         1.470e-22
5.679e+01         1.244e+00         9.620e+03         4.935e-02         7.148e-02         6.028e-22
6.152e+01         1.305e+00         1.010e+04         4.851e-02         7.215e-02         2.008e-21
6.625e+01         1.382e+00         1.069e+04         4.766e-02         7.317e-02         5.681e-21
7.098e+01         1.474e+00         1.140e+04         4.686e-02         7.453e-02         1.405e-20
7.571e+01         1.582e+00         1.224e+04         4.623e-02         7.625e-02         3.120e-20
8.044e+01         1.703e+00         1.317e+04         4.559e-02         7.830e-02         6.329e-20
8.518e+01         1.837e+00         1.421e+04         4.494e-02         8.068e-02         1.188e-19
8.991e+01         1.981e+00         1.533e+04         4.435e-02         8.332e-02         2.086e-19
9.464e+01         2.133e+00         1.650e+04         4.393e-02         8.617e-02         3.477e-19
9.937e+01         2.291e+00         1.772e+04         4.343e-02         8.918e-02         5.504e-19
1.041e+02         2.452e+00         1.897e+04         4.302e-02         9.231e-02         8.387e-19
1.088e+02         2.615e+00         2.023e+04         4.264e-02         9.545e-02         1.229e-18
1.136e+02         2.779e+00         2.150e+04         4.227e-02         9.867e-02         1.747e-18
1.183e+02         2.941e+00         2.275e+04         4.195e-02         1.019e-01         2.418e-18
1.230e+02         3.101e+00         2.399e+04         4.159e-02         1.051e-01         3.259e-18
1.278e+02         3.259e+00         2.521e+04         4.127e-02         1.082e-01         4.293e-18
1.325e+02         3.412e+00         2.640e+04         4.096e-02         1.113e-01         5.558e-18
1.372e+02         3.562e+00         2.756e+04         4.074e-02         1.142e-01         7.068e-18
1.420e+02         3.708e+00         2.869e+04         4.047e-02         1.171e-01         8.852e-18
1.467e+02         3.850e+00         2.978e+04         4.018e-02         1.199e-01         1.092e-17
1.514e+02         3.987e+00         3.084e+04         3.998e-02         1.226e-01         1.333e-17
1.561e+02         4.120e+00         3.187e+04         3.973e-02         1.253e-01         1.605e-17
1.609e+02         4.249e+00         3.287e+04         3.952e-02         1.278e-01         1.916e-17
1.656e+02         4.374e+00         3.384e+04         3.931e-02         1.303e-01         2.266e-17
1.703e+02         4.496e+00         3.478e+04         3.907e-02         1.325e-01         2.652e-17
1.751e+02         4.613e+00         3.569e+04         3.891e-02         1.348e-01         3.088e-17
1.798e+02         4.728e+00         3.658e+04         3.868e-02         1.370e-01         3.563e-17
1.845e+02         4.839e+00         3.744e+04         3.850e-02         1.391e-01         4.083e-17
1.893e+02         4.947e+00         3.827e+04         3.837e-02         1.412e-01         4.664e-17
1.940e+02         5.052e+00         3.909e+04         3.813e-02         1.431e-01         5.274e-17
1.987e+02         5.155e+00         3.988e+04         3.794e-02         1.450e-01         5.941e-17
2.035e+02         5.255e+00         4.065e+04         3.784e-02         1.470e-01         6.683e-17
2.082e+02         5.352e+00         4.141e+04         3.767e-02         1.488e-01         7.459e-17
2.129e+02         5.448e+00         4.215e+04         3.744e-02         1.504e-01         8.276e-17
2.177e+02         5.541e+00         4.287e+04         3.730e-02         1.521e-01         9.173e-17
2.224e+02         5.633e+00         4.358e+04         3.720e-02         1.538e-01         1.014e-16
2.271e+02         5.722e+00         4.427e+04         3.703e-02         1.554e-01         1.114e-16
2.319e+02         5.810e+00         4.495e+04         3.684e-02         1.569e-01         1.219e-16
2.366e+02         5.897e+00         4.562e+04         3.668e-02         1.584e-01         1.332e-16
2.413e+02         5.981e+00         4.627e+04         3.657e-02         1.599e-01         1.452e-16
2.460e+02         6.065e+00         4.692e+04         3.646e-02         1.614e-01         1.578e-16
2.508e+02         6.147e+00         4.756e+04         3.632e-02         1.628e-01         1.710e-16
2.555e+02         6.228e+00         4.818e+04         3.615e-02         1.642e-01         1.847e-16
2.602e+02         6.308e+00         4.880e+04         3.600e-02         1.655e-01         1.991e-16
2.650e+02         6.387e+00         4.941e+04         3.587e-02         1.668e-01         2.142e-16
2.697e+02         6.464e+00         5.001e+04         3.576e-02         1.682e-01         2.301e-16
2.744e+02         6.541e+00         5.061e+04         3.564e-02         1.694e-01         2.466e-16
2.792e+02         6.617e+00         5.119e+04         3.552e-02         1.707e-01         2.637e-16
2.839e+02         6.692e+00         5.177e+04         3.538e-02         1.719e-01         2.814e-16
2.886e+02         6.767e+00         5.235e+04         3.525e-02         1.731e-01         2.998e-16
2.934e+02         6.840e+00         5.292e+04         3.513e-02         1.743e-01         3.189e-16
2.981e+02         6.913e+00         5.348e+04         3.501e-02         1.754e-01         3.388e-16
3.028e+02         6.985e+00         5.404e+04         3.490e-02         1.765e-01         3.593e-16
3.076e+02         7.057e+00         5.460e+04         3.480e-02         1.777e-01         3.805e-16
3.123e+02         7.128e+00         5.515e+04         3.469e-02         1.789e-01         4.024e-16
3.170e+02         7.199e+00         5.569e+04         3.458e-02         1.799e-01         4.250e-16
3.217e+02         7.269e+00         5.623e+04         3.447e-02         1.810e-01         4.483e-16
3.265e+02         7.338e+00         5.677e+04         3.435e-02         1.821e-01         4.722e-16
3.312e+02         7.407e+00         5.730e+04         3.424e-02         1.831e-01         4.968e-16
3.359e+02         7.476e+00         5.783e+04         3.413e-02         1.842e-01         5.221e-16
3.407e+02         7.544e+00         5.836e+04         3.402e-02         1.852e-01         5.481e-16
3.454e+02         7.611e+00         5.888e+04         3.392e-02         1.862e-01         5.748e-16
3.501e+02         7.679e+00         5.941e+04         3.383e-02         1.873e-01         6.023e-16
3.549e+02         7.746e+00         5.992e+04         3.373e-02         1.883e-01         6.305e-16
3.596e+02         7.812e+00         6.044e+04         3.364e-02         1.892e-01         6.594e-16
3.643e+02         7.879e+00         6.095e+04         3.354e-02         1.902e-01         6.889e-16
3.691e+02         7.945e+00         6.146e+04         3.344e-02         1.912e-01         7.190e-16
3.738e+02         8.010e+00         6.197e+04         3.334e-02         1.921e-01         7.497e-16
3.785e+02         8.076e+00         6.248e+04         3.325e-02         1.931e-01         7.812e-16
3.833e+02         8.141e+00         6.298e+04         3.315e-02         1.940e-01         8.134e-16
3.880e+02         8.206e+00         6.348e+04         3.305e-02         1.950e-01         8.460e-16
3.927e+02         8.270e+00         6.398e+04         3.296e-02         1.959e-01         8.797e-16
3.975e+02         8.335e+00         6.448e+04         3.288e-02         1.968e-01         9.141e-16
4.022e+02         8.399e+00         6.498e+04         3.280e-02         1.977e-01         9.491e-16
4.069e+02         8.463e+00         6.547e+04         3.271e-02         1.986e-01         9.847e-16
4.116e+02         8.527e+00         6.596e+04         3.262e-02         1.995e-01         1.021e-15
4.164e+02         8.590e+00         6.646e+04         3.254e-02         2.004e-01         1.058e-15
4.211e+02         8.653e+00         6.695e+04         3.245e-02         2.013e-01         1.095e-15
4.258e+02         8.717e+00         6.743e+04         3.236e-02         2.021e-01         1.133e-15
4.306e+02         8.780e+00         6.792e+04         3.228e-02         2.030e-01         1.172e-15
4.353e+02         8.842e+00         6.841e+04         3.219e-02         2.039e-01         1.211e-15
4.400e+02         8.905e+00         6.889e+04         3.211e-02         2.048e-01         1.251e-15
4.448e+02         8.968e+00         6.938e+04         3.203e-02         2.056e-01         1.292e-15
4.495e+02         9.030e+00         6.986e+04         3.195e-02         2.065e-01         1.334e-15
4.542e+02         9.092e+00         7.034e+04         3.187e-02         2.073e-01         1.376e-15
4.590e+02         9.154e+00         7.082e+04         3.179e-02         2.081e-01         1.418e-15
4.637e+02         9.216e+00         7.130e+04         3.172e-02         2.090e-01         1.462e-15
4.684e+02         9.278e+00         7.178e+04         3.164e-02         2.098e-01         1.506e-15
4.732e+02         9.340e+00         7.226e+04         3.157e-02         2.106e-01         1.550e-15
4.779e+02         9.401e+00         7.273e+04         3.149e-02         2.114e-01         1.595e-15
4.826e+02         9.463e+00         7.321e+04         3.141e-02         2.122e-01         1.641e-15
4.873e+02         9.524e+00         7.368e+04         3.133e-02         2.130e-01         1.687e-15
4.921e+02         9.585e+00         7.416e+04         3.126e-02         2.139e-01         1.734e-15
4.968e+02         9.646e+00         7.463e+04         3.119e-02         2.147e-01         1.781e-15
5.015e+02         9.707e+00         7.510e+04         3.112e-02         2.155e-01         1.829e-15
5.063e+02         9.768e+00         7.557e+04         3.105e-02         2.163e-01         1.878e-15
5.110e+02         9.829e+00         7.604e+04         3.098e-02         2.171e-01         1.927e-15
5.157e+02         9.890e+00         7.651e+04         3.091e-02         2.178e-01         1.977e-15
5.205e+02         9.951e+00         7.698e+04         3.083e-02         2.186e-01         2.027e-15
5.252e+02         1.001e+01         7.745e+04         3.077e-02         2.194e-01         2.078e-15
5.299e+02         1.007e+01         7.792e+04         3.070e-02         2.202e-01         2.130e-15
5.347e+02         1.013e+01         7.839e+04         3.063e-02         2.209e-01         2.182e-15
5.394e+02         1.019e+01         7.885e+04         3.056e-02         2.217e-01         2.234e-15
5.441e+02         1.025e+01         7.932e+04         3.049e-02         2.224e-01         2.287e-15
5.489e+02         1.031e+01         7.979e+04         3.042e-02         2.232e-01         2.340e-15
5.536e+02         1.037e+01         8.025e+04         3.035e-02         2.240e-01         2.394e-15
5.583e+02         1.043e+01         8.072e+04         3.029e-02         2.247e-01         2.449e-15
5.631e+02         1.049e+01         8.118e+04         3.023e-02         2.255e-01         2.505e-15
5.678e+02         1.055e+01         8.164e+04         3.016e-02         2.262e-01         2.561e-15
5.725e+02         1.061e+01         8.211e+04         3.010e-02         2.270e-01         2.617e-15
5.772e+02         1.067e+01         8.257e+04         3.004e-02         2.277e-01         2.674e-15
5.820e+02         1.073e+01         8.303e+04         2.998e-02         2.284e-01         2.731e-15
5.867e+02         1.079e+01         8.349e+04         2.991e-02         2.292e-01         2.789e-15
5.914e+02         1.085e+01         8.396e+04         2.985e-02         2.299e-01         2.847e-15
5.962e+02         1.091e+01         8.442e+04         2.979e-02         2.306e-01         2.906e-15
6.009e+02         1.097e+01         8.488e+04         2.973e-02         2.314e-01         2.966e-15
6.056e+02         1.103e+01         8.534e+04         2.967e-02         2.321e-01         3.025e-15
6.104e+02         1.109e+01         8.580e+04         2.961e-02         2.328e-01         3.085e-15
6.151e+02         1.115e+01         8.626e+04         2.954e-02         2.335e-01         3.146e-15
6.198e+02         1.121e+01         8.672e+04         2.948e-02         2.342e-01         3.207e-15
6.246e+02         1.127e+01         8.718e+04         2.942e-02         2.350e-01         3.268e-15
6.293e+02         1.133e+01         8.764e+04         2.936e-02         2.357e-01         3.330e-15
6.340e+02         1.139e+01         8.810e+04         2.931e-02         2.364e-01         3.393e-15
6.388e+02         1.145e+01         8.855e+04         2.925e-02         2.371e-01         3.456e-15
6.435e+02         1.151e+01         8.901e+04         2.919e-02         2.378e-01         3.519e-15
6.482e+02         1.156e+01         8.947e+04         2.913e-02         2.385e-01         3.584e-15
6.529e+02         1.162e+01         8.993e+04         2.908e-02         2.392e-01         3.648e-15
6.577e+02         1.168e+01         9.039e+04         2.902e-02         2.399e-01         3.713e-15
6.624e+02         1.174e+01         9.084e+04         2.897e-02         2.406e-01         3.779e-15
6.671e+02         1.180e+01         9.130e+04         2.892e-02         2.413e-01         3.845e-15
6.719e+02         1.186e+01         9.176e+04         2.886e-02         2.420e-01         3.911e-15
6.766e+02         1.192e+01         9.221e+04         2.881e-02         2.427e-01         3.978e-15
6.813e+02         1.198e+01         9.267e+04         2.875e-02         2.434e-01         4.044e-15
6.861e+02         1.204e+01         9.312e+04         2.870e-02         2.440e-01         4.111e-15
6.908e+02         1.210e+01         9.358e+04         2.864e-02         2.447e-01         4.179e-15
6.955e+02         1.216e+01         9.404e+04         2.859e-02         2.454e-01         4.247e-15
7.003e+02         1.221e+01         9.449e+04         2.854e-02         2.461e-01         4.316e-15
7.050e+02         1.227e+01         9.495e+04         2.848e-02         2.467e-01         4.385e-15
7.097e+02         1.233e+01         9.540e+04         2.843e-02         2.474e-01         4.454e-15
7.145e+02         1.239e+01         9.586e+04         2.837e-02         2.481e-01         4.524e-15
7.192e+02         1.245e+01         9.631e+04         2.832e-02         2.488e-01         4.594e-15
7.239e+02         1.251e+01         9.677e+04         2.827e-02         2.495e-01         4.664e-15
7.287e+02         1.257e+01         9.722e+04         2.822e-02         2.501e-01         4.735e-15
7.334e+02         1.263e+01         9.767e+04         2.817e-02         2.508e-01         4.807e-15
7.381e+02         1.268e+01         9.813e+04         2.812e-02         2.514e-01         4.878e-15
7.428e+02         1.274e+01         9.858e+04         2.807e-02         2.521e-01         4.951e-15
7.476e+02         1.280e+01         9.904e+04         2.802e-02         2.528e-01         5.024e-15
7.523e+02         1.286e+01         9.949e+04         2.797e-02         2.534e-01         5.097e-15
7.570e+02         1.292e+01         9.994e+04         2.793e-02         2.541e-01         5.170e-15
7.618e+02         1.298e+01         1.004e+05         2.788e-02         2.548e-01         5.244e-15
7.665e+02         1.304e+01         1.009e+05         2.783e-02         2.554e-01         5.317e-15
7.712e+02         1.309e+01         1.013e+05         2.778e-02         2.561e-01         5.392e-15
7.760e+02         1.315e+01         1.018e+05         2.774e-02         2.567e-01         5.467e-15
7.807e+02         1.321e+01         1.022e+05         2.769e-02         2.574e-01         5.542e-15
7.854e+02         1.327e+01         1.027e+05         2.764e-02         2.580e-01         5.618e-15
7.902e+02         1.333e+01         1.031e+05         2.760e-02         2.586e-01         5.694e-15
7.949e+02         1.339e+01         1.036e+05         2.755e-02         2.593e-01         5.769e-15
7.996e+02         1.345e+01         1.040e+05         2.750e-02         2.599e-01         5.846e-15
8.044e+02         1.350e+01         1.045e+05         2.745e-02         2.606e-01         5.921e-15
8.091e+02         1.356e+01         1.049e+05         2.740e-02         2.612e-01         5.998e-15
8.138e+02         1.362e+01         1.054e+05         2.736e-02         2.619e-01         6.075e-15
8.185e+02         1.368e+01         1.058e+05         2.731e-02         2.625e-01         6.152e-15
8.233e+02         1.374e+01         1.063e+05         2.727e-02         2.632e-01         6.230e-15
8.280e+02         1.380e+01         1.067e+05         2.722e-02         2.638e-01         6.309e-15
8.327e+02         1.386e+01         1.072e+05         2.718e-02         2.644e-01         6.387e-15
8.375e+02         1.391e+01         1.076e+05         2.713e-02         2.651e-01         6.466e-15
8.422e+02         1.397e+01         1.081e+05         2.709e-02         2.657e-01         6.546e-15
8.469e+02         1.403e+01         1.085e+05         2.704e-02         2.663e-01         6.625e-15
8.517e+02         1.409e+01         1.090e+05         2.700e-02         2.670e-01         6.705e-15
8.564e+02         1.415e+01         1.094e+05         2.696e-02         2.676e-01         6.785e-15
8.611e+02         1.421e+01         1.099e+05         2.691e-02         2.682e-01         6.865e-15
8.659e+02         1.426e+01         1.104e+05         2.687e-02         2.689e-01         6.946e-15
8.706e+02         1.432e+01         1.108e+05         2.683e-02         2.695e-01         7.027e-15
8.753e+02         1.438e+01         1.113e+05         2.679e-02         2.701e-01         7.108e-15
8.801e+02         1.444e+01         1.117e+05         2.675e-02         2.707e-01         7.190e-15
8.848e+02         1.450e+01         1.122e+05         2.671e-02         2.713e-01         7.272e-15
8.895e+02         1.456e+01         1.126e+05         2.667e-02         2.719e-01         7.355e-15
8.943e+02         1.461e+01         1.131e+05         2.663e-02         2.726e-01         7.437e-15
8.990e+02         1.467e+01         1.135e+05         2.658e-02         2.732e-01         7.520e-15
9.037e+02         1.473e+01         1.140e+05         2.654e-02         2.738e-01         7.603e-15
9.084e+02         1.479e+01         1.144e+05         2.650e-02         2.744e-01         7.686e-15
9.132e+02         1.485e+01         1.149e+05         2.646e-02         2.751e-01         7.770e-15
9.179e+02         1.491e+01         1.153e+05         2.642e-02         2.757e-01         7.853e-15
9.226e+02         1.496e+01         1.158e+05         2.638e-02         2.763e-01         7.936e-15
9.274e+02         1.502e+01         1.162e+05         2.634e-02         2.769e-01         8.020e-15
9.321e+02         1.508e+01         1.167e+05         2.630e-02         2.776e-01         8.105e-15
9.368e+02         1.514e+01         1.171e+05         2.626e-02         2.782e-01         8.190e-15
9.416e+02         1.520e+01         1.176e+05         2.622e-02         2.788e-01         8.274e-15
9.463e+02         1.526e+01         1.180e+05         2.618e-02         2.794e-01         8.359e-15
9.510e+02         1.531e+01         1.185e+05         2.614e-02         2.800e-01         8.445e-15
9.558e+02         1.537e+01         1.189e+05         2.610e-02         2.806e-01         8.530e-15
9.605e+02         1.543e+01         1.194e+05         2.606e-02         2.812e-01         8.616e-15
9.652e+02         1.549e+01         1.198e+05         2.603e-02         2.818e-01         8.702e-15
9.700e+02         1.555e+01         1.203e+05         2.599e-02         2.824e-01         8.789e-15
9.747e+02         1.561e+01         1.207e+05         2.595e-02         2.831e-01         8.876e-15
9.794e+02         1.566e+01         1.212e+05         2.591e-02         2.837e-01         8.962e-15
9.842e+02         1.572e+01         1.216e+05         2.587e-02         2.843e-01         9.049e-15
9.889e+02         1.578e+01         1.221e+05         2.584e-02         2.849e-01         9.136e-15
9.936e+02         1.584e+01         1.225e+05         2.580e-02         2.855e-01         9.224e-15
9.983e+02         1.590e+01         1.230e+05         2.576e-02         2.861e-01         9.312e-15
1.003e+03         1.595e+01         1.234e+05         2.573e-02         2.867e-01         9.400e-15
1.008e+03         1.601e+01         1.239e+05         2.569e-02         2.873e-01         9.489e-15
1.013e+03         1.607e+01         1.243e+05         2.566e-02         2.879e-01         9.578e-15
1.017e+03         1.613e+01         1.248e+05         2.562e-02         2.885e-01         9.666e-15
1.022e+03         1.619e+01         1.252e+05         2.559e-02         2.891e-01         9.755e-15
1.027e+03         1.625e+01         1.257e+05         2.555e-02         2.897e-01         9.844e-15
1.031e+03         1.630e+01         1.261e+05         2.552e-02         2.903e-01         9.933e-15
1.036e+03         1.636e+01         1.266e+05         2.548e-02         2.909e-01         1.002e-14
1.041e+03         1.642e+01         1.270e+05         2.545e-02         2.915e-01         1.011e-14
1.046e+03         1.648e+01         1.275e+05         2.541e-02         2.921e-01         1.020e-14
1.050e+03         1.654e+01         1.279e+05         2.538e-02         2.927e-01         1.029e-14
1.055e+03         1.659e+01         1.284e+05         2.534e-02         2.933e-01         1.038e-14
1.060e+03         1.665e+01         1.288e+05         2.531e-02         2.939e-01         1.047e-14
1.065e+03         1.671e+01         1.293e+05         2.527e-02         2.945e-01         1.056e-14
1.069e+03         1.677e+01         1.297e+05         2.524e-02         2.951e-01         1.065e-14
1.074e+03         1.683e+01         1.302e+05         2.520e-02         2.957e-01         1.075e-14
1.079e+03         1.688e+01         1.306e+05         2.517e-02         2.963e-01         1.084e-14
1.084e+03         1.694e+01         1.311e+05         2.514e-02         2.969e-01         1.093e-14
1.088e+03         1.700e+01         1.315e+05         2.510e-02         2.974e-01         1.102e-14
1.093e+03         1.706e+01         1.320e+05         2.507e-02         2.980e-01         1.111e-14
1.098e+03         1.712e+01         1.324e+05         2.504e-02         2.986e-01         1.120e-14
1.102e+03         1.717e+01         1.329e+05         2.501e-02         2.992e-01         1.130e-14
1.107e+03         1.723e+01         1.333e+05         2.497e-02         2.998e-01         1.139e-14
1.112e+03         1.729e+01         1.338e+05         2.494e-02         3.004e-01         1.148e-14
1.117e+03         1.735e+01         1.342e+05         2.491e-02         3.010e-01         1.157e-14
1.121e+03         1.741e+01         1.347e+05         2.487e-02         3.016e-01         1.166e-14
1.126e+03         1.747e+01         1.351e+05         2.484e-02         3.022e-01         1.176e-14
1.131e+03         1.752e+01         1.356e+05         2.481e-02         3.028e-01         1.185e-14
1.136e+03         1.758e+01         1.360e+05         2.478e-02         3.034e-01         1.194e-14
1.140e+03         1.764e+01         1.365e+05         2.475e-02         3.040e-01         1.204e-14
1.145e+03         1.770e+01         1.369e+05         2.472e-02         3.046e-01         1.213e-14
1.150e+03         1.776e+01         1.374e+05         2.469e-02         3.052e-01         1.223e-14
1.154e+03         1.781e+01         1.378e+05         2.465e-02         3.057e-01         1.232e-14
1.159e+03         1.787e+01         1.383e+05         2.462e-02         3.063e-01         1.241e-14
1.164e+03         1.793e+01         1.387e+05         2.459e-02         3.069e-01         1.251e-14
1.169e+03         1.799e+01         1.392e+05         2.456e-02         3.075e-01         1.260e-14
1.173e+03         1.804e+01         1.396e+05         2.453e-02         3.081e-01         1.270e-14
1.178e+03         1.810e+01         1.400e+05         2.450e-02         3.087e-01         1.279e-14
1.183e+03         1.816e+01         1.405e+05         2.447e-02         3.092e-01         1.289e-14
1.188e+03         1.822e+01         1.409e+05         2.444e-02         3.098e-01         1.298e-14
1.192e+03         1.827e+01         1.414e+05         2.441e-02         3.104e-01         1.308e-14
1.197e+03         1.833e+01         1.418e+05         2.438e-02         3.110e-01         1.317e-14
1.202e+03         1.839e+01         1.423e+05         2.435e-02         3.116e-01         1.327e-14
1.207e+03         1.845e+01         1.427e+05         2.432e-02         3.122e-01         1.336e-14
1.211e+03         1.851e+01         1.432e+05         2.429e-02         3.127e-01         1.346e-14
1.216e+03         1.856e+01         1.436e+05         2.427e-02         3.133e-01         1.355e-14
1.221e+03         1.862e+01         1.441e+05         2.424e-02         3.139e-01         1.365e-14
1.225e+03         1.868e+01         1.445e+05         2.421e-02         3.145e-01         1.375e-14
1.230e+03         1.874e+01         1.449e+05         2.418e-02         3.151e-01         1.384e-14
1.235e+03         1.879e+01         1.454e+05         2.415e-02         3.157e-01         1.394e-14
1.240e+03         1.885e+01         1.458e+05         2.412e-02         3.163e-01         1.404e-14
1.244e+03         1.891e+01         1.463e+05         2.409e-02         3.168e-01         1.413e-14
1.249e+03         1.897e+01         1.467e+05         2.406e-02         3.174e-01         1.423e-14
1.254e+03         1.902e+01         1.472e+05         2.404e-02         3.180e-01         1.433e-14
1.259e+03         1.908e+01         1.476e+05         2.401e-02         3.186e-01         1.442e-14
1.263e+03         1.914e+01         1.481e+05         2.398e-02         3.192e-01         1.452e-14
1.268e+03         1.920e+01         1.485e+05         2.395e-02         3.198e-01         1.462e-14
1.273e+03         1.925e+01         1.489e+05         2.392e-02         3.204e-01         1.472e-14
1.277e+03         1.931e+01         1.494e+05         2.390e-02         3.210e-01         1.481e-14
1.282e+03         1.937e+01         1.498e+05         2.387e-02         3.216e-01         1.491e-14
1.287e+03         1.942e+01         1.503e+05         2.384e-02         3.221e-01         1.501e-14
1.292e+03         1.948e+01         1.507e+05         2.381e-02         3.227e-01         1.511e-14
1.296e+03         1.954e+01         1.512e+05         2.379e-02         3.233e-01         1.520e-14
1.301e+03         1.960e+01         1.516e+05         2.376e-02         3.239e-01         1.530e-14
1.306e+03         1.965e+01         1.520e+05         2.373e-02         3.245e-01         1.540e-14
1.311e+03         1.971e+01         1.525e+05         2.371e-02         3.251e-01         1.550e-14
1.315e+03         1.977e+01         1.529e+05         2.368e-02         3.256e-01         1.560e-14
1.320e+03         1.982e+01         1.534e+05         2.366e-02         3.262e-01         1.570e-14
1.325e+03         1.988e+01         1.538e+05         2.363e-02         3.268e-01         1.579e-14
1.330e+03         1.994e+01         1.542e+05         2.360e-02         3.274e-01         1.589e-14
1.334e+03         2.000e+01         1.547e+05         2.358e-02         3.280e-01         1.599e-14
1.339e+03         2.005e+01         1.551e+05         2.355e-02         3.285e-01         1.609e-14
1.344e+03         2.011e+01         1.556e+05         2.353e-02         3.291e-01         1.619e-14
1.348e+03         2.017e+01         1.560e+05         2.350e-02         3.297e-01         1.629e-14
1.353e+03         2.022e+01         1.564e+05         2.347e-02         3.303e-01         1.639e-14
1.358e+03         2.028e+01         1.569e+05         2.345e-02         3.309e-01         1.649e-14
1.363e+03         2.034e+01         1.573e+05         2.342e-02         3.314e-01         1.659e-14
1.367e+03         2.039e+01         1.578e+05         2.340e-02         3.320e-01         1.669e-14
1.372e+03         2.045e+01         1.582e+05         2.337e-02         3.326e-01         1.679e-14
1.377e+03         2.051e+01         1.586e+05         2.335e-02         3.332e-01         1.689e-14
1.382e+03         2.056e+01         1.591e+05         2.332e-02         3.338e-01         1.699e-14
1.386e+03         2.062e+01         1.595e+05         2.330e-02         3.343e-01         1.709e-14
1.391e+03         2.068e+01         1.600e+05         2.327e-02         3.349e-01         1.719e-14
1.396e+03         2.073e+01         1.604e+05         2.325e-02         3.355e-01         1.729e-14
1.401e+03         2.079e+01         1.608e+05         2.323e-02         3.361e-01         1.739e-14
1.405e+03         2.085e+01         1.613e+05         2.320e-02         3.367e-01         1.749e-14
1.410e+03         2.090e+01         1.617e+05         2.318e-02         3.373e-01         1.759e-14
1.415e+03         2.096e+01         1.621e+05         2.315e-02         3.379e-01         1.769e-14
1.419e+03         2.101e+01         1.626e+05         2.313e-02         3.385e-01         1.779e-14
1.424e+03         2.107e+01         1.630e+05         2.311e-02         3.391e-01         1.789e-14
1.429e+03         2.113e+01         1.634e+05         2.308e-02         3.397e-01         1.799e-14
1.434e+03         2.118e+01         1.639e+05         2.306e-02         3.402e-01         1.809e-14
1.438e+03         2.124e+01         1.643e+05         2.303e-02         3.408e-01         1.819e-14
1.443e+03         2.130e+01         1.647e+05         2.301e-02         3.414e-01         1.829e-14
1.448e+03         2.135e+01         1.652e+05         2.299e-02         3.420e-01         1.839e-14
1.453e+03         2.141e+01         1.656e+05         2.296e-02         3.426e-01         1.849e-14
1.457e+03         2.146e+01         1.660e+05         2.294e-02         3.431e-01         1.859e-14
1.462e+03         2.152e+01         1.665e+05         2.292e-02         3.437e-01         1.870e-14
1.467e+03         2.158e+01         1.669e+05         2.290e-02         3.443e-01         1.880e-14
1.471e+03         2.163e+01         1.673e+05         2.287e-02         3.449e-01         1.890e-14
1.476e+03         2.169e+01         1.678e+05         2.285e-02         3.455e-01         1.900e-14
1.481e+03         2.174e+01         1.682e+05         2.283e-02         3.461e-01         1.910e-14
1.486e+03         2.180e+01         1.686e+05         2.281e-02         3.466e-01         1.920e-14
1.490e+03         2.185e+01         1.691e+05         2.278e-02         3.472e-01         1.930e-14
1.495e+03         2.191e+01         1.695e+05         2.276e-02         3.478e-01         1.941e-14
1.500e+03         2.197e+01         1.699e+05         2.274e-02         3.484e-01         1.951e-14
1.505e+03         2.202e+01         1.704e+05         2.271e-02         3.490e-01         1.961e-14
1.509e+03         2.208e+01         1.708e+05         2.269e-02         3.496e-01         1.971e-14
1.514e+03         2.213e+01         1.712e+05         2.267e-02         3.502e-01         1.981e-14
1.519e+03         2.219e+01         1.716e+05         2.265e-02         3.508e-01         1.992e-14
1.524e+03         2.224e+01         1.721e+05         2.263e-02         3.513e-01         2.002e-14
1.528e+03         2.230e+01         1.725e+05         2.261e-02         3.519e-01         2.012e-14
1.533e+03         2.235e+01         1.729e+05         2.258e-02         3.525e-01         2.022e-14
1.538e+03         2.241e+01         1.734e+05         2.256e-02         3.531e-01         2.032e-14
1.542e+03         2.246e+01         1.738e+05         2.254e-02         3.537e-01         2.043e-14
1.547e+03         2.252e+01         1.742e+05         2.252e-02         3.543e-01         2.053e-14
1.552e+03         2.257e+01         1.746e+05         2.250e-02         3.549e-01         2.063e-14
1.557e+03         2.263e+01         1.751e+05         2.248e-02         3.555e-01         2.073e-14
1.561e+03         2.268e+01         1.755e+05         2.246e-02         3.560e-01         2.084e-14
1.566e+03         2.274e+01         1.759e+05         2.244e-02         3.566e-01         2.094e-14
1.571e+03         2.279e+01         1.763e+05         2.241e-02         3.572e-01         2.104e-14
1.576e+03         2.285e+01         1.768e+05         2.239e-02         3.578e-01         2.115e-14
1.580e+03         2.290e+01         1.772e+05         2.237e-02         3.584e-01         2.125e-14
1.585e+03         2.296e+01         1.776e+05         2.235e-02         3.590e-01         2.135e-14
1.590e+03         2.301e+01         1.780e+05         2.233e-02         3.596e-01         2.145e-14
1.595e+03         2.307e+01         1.785e+05         2.231e-02         3.602e-01         2.156e-14
1.599e+03         2.312e+01         1.789e+05         2.229e-02         3.607e-01         2.166e-14
1.604e+03         2.318e+01         1.793e+05         2.227e-02         3.613e-01         2.176e-14
1.609e+03         2.323e+01         1.797e+05         2.225e-02         3.619e-01         2.187e-14
1.613e+03         2.329e+01         1.801e+05         2.223e-02         3.625e-01         2.197e-14
1.618e+03         2.334e+01         1.806e+05         2.221e-02         3.631e-01         2.207e-14
1.623e+03         2.339e+01         1.810e+05         2.219e-02         3.637e-01         2.217e-14
1.628e+03         2.345e+01         1.814e+05         2.217e-02         3.643e-01         2.228e-14
1.632e+03         2.350e+01         1.818e+05         2.215e-02         3.649e-01         2.238e-14
1.637e+03         2.356e+01         1.822e+05         2.213e-02         3.655e-01         2.248e-14
1.642e+03         2.361e+01         1.827e+05         2.211e-02         3.661e-01         2.259e-14
1.647e+03         2.367e+01         1.831e+05         2.209e-02         3.667e-01         2.269e-14
1.651e+03         2.372e+01         1.835e+05         2.207e-02         3.673e-01         2.279e-14
1.656e+03         2.377e+01         1.839e+05         2.205e-02         3.679e-01         2.290e-14
1.661e+03         2.383e+01         1.843e+05         2.203e-02         3.685e-01         2.300e-14
1.665e+03         2.388e+01         1.848e+05         2.201e-02         3.691e-01         2.310e-14
1.670e+03         2.393e+01         1.852e+05         2.199e-02         3.696e-01         2.321e-14
1.675e+03         2.399e+01         1.856e+05         2.198e-02         3.702e-01         2.331e-14
1.680e+03         2.404e+01         1.860e+05         2.196e-02         3.708e-01         2.342e-14
1.684e+03         2.410e+01         1.864e+05         2.194e-02         3.714e-01         2.352e-14
1.689e+03         2.415e+01         1.868e+05         2.192e-02         3.720e-01         2.362e-14
1.694e+03         2.420e+01         1.872e+05         2.190e-02         3.726e-01         2.373e-14
1.699e+03         2.426e+01         1.877e+05         2.188e-02         3.732e-01         2.383e-14
1.703e+03         2.431e+01         1.881e+05         2.186e-02         3.738e-01         2.393e-14
1.708e+03         2.436e+01         1.885e+05         2.184e-02         3.744e-01         2.404e-14
1.713e+03         2.442e+01         1.889e+05         2.183e-02         3.750e-01         2.414e-14
1.718e+03         2.447e+01         1.893e+05         2.181e-02         3.756e-01         2.425e-14
1.722e+03         2.452e+01         1.897e+05         2.179e-02         3.762e-01         2.435e-14
1.727e+03         2.458e+01         1.901e+05         2.177e-02         3.768e-01         2.446e-14
1.732e+03         2.463e+01         1.905e+05         2.175e-02         3.774e-01         2.456e-14
1.736e+03         2.468e+01         1.909e+05         2.174e-02         3.780e-01         2.466e-14
1.741e+03         2.473e+01         1.914e+05         2.172e-02         3.786e-01         2.477e-14
1.746e+03         2.479e+01         1.918e+05         2.170e-02         3.791e-01         2.487e-14
1.751e+03         2.484e+01         1.922e+05         2.168e-02         3.797e-01         2.497e-14
1.755e+03         2.489e+01         1.926e+05         2.166e-02         3.803e-01         2.508e-14
1.760e+03         2.495e+01         1.930e+05         2.164e-02         3.809e-01         2.518e-14
1.765e+03         2.500e+01         1.934e+05         2.163e-02         3.815e-01         2.529e-14
1.770e+03         2.505e+01         1.938e+05         2.161e-02         3.821e-01         2.539e-14
1.774e+03         2.510e+01         1.942e+05         2.159e-02         3.827e-01         2.549e-14
1.779e+03         2.516e+01         1.946e+05         2.157e-02         3.833e-01         2.560e-14
1.784e+03         2.521e+01         1.950e+05         2.156e-02         3.839e-01         2.570e-14
1.788e+03         2.526e+01         1.954e+05         2.154e-02         3.845e-01         2.581e-14
1.793e+03         2.531e+01         1.958e+05         2.152e-02         3.851e-01         2.591e-14
1.798e+03         2.537e+01         1.962e+05         2.150e-02         3.858e-01         2.602e-14
1.803e+03         2.542e+01         1.966e+05         2.149e-02         3.864e-01         2.612e-14
1.807e+03         2.547e+01         1.970e+05         2.147e-02         3.870e-01         2.622e-14
1.812e+03         2.552e+01         1.974e+05         2.145e-02         3.876e-01         2.633e-14
1.817e+03         2.557e+01         1.978e+05         2.144e-02         3.881e-01         2.643e-14
1.822e+03         2.563e+01         1.982e+05         2.142e-02         3.887e-01         2.654e-14
1.826e+03         2.568e+01         1.986e+05         2.140e-02         3.893e-01         2.664e-14
1.831e+03         2.573e+01         1.990e+05         2.139e-02         3.899e-01         2.675e-14
1.836e+03         2.578e+01         1.994e+05         2.137e-02         3.905e-01         2.685e-14
1.841e+03         2.583e+01         1.998e+05         2.135e-02         3.912e-01         2.696e-14
1.845e+03         2.588e+01         2.002e+05         2.134e-02         3.918e-01         2.706e-14
1.850e+03         2.593e+01         2.006e+05         2.132e-02         3.924e-01         2.717e-14
1.855e+03         2.599e+01         2.010e+05         2.130e-02         3.930e-01         2.727e-14
1.859e+03         2.604e+01         2.014e+05         2.129e-02         3.936e-01         2.737e-14
1.864e+03         2.609e+01         2.018e+05         2.127e-02         3.942e-01         2.748e-14
1.869e+03         2.614e+01         2.022e+05         2.125e-02         3.948e-01         2.758e-14
1.874e+03         2.619e+01         2.026e+05         2.124e-02         3.954e-01         2.769e-14
1.878e+03         2.624e+01         2.030e+05         2.122e-02         3.960e-01         2.779e-14
1.883e+03         2.629e+01         2.034e+05         2.121e-02         3.966e-01         2.790e-14
1.888e+03         2.634e+01         2.038e+05         2.119e-02         3.972e-01         2.800e-14
1.893e+03         2.640e+01         2.042e+05         2.117e-02         3.979e-01         2.811e-14
1.897e+03         2.645e+01         2.046e+05         2.116e-02         3.985e-01         2.821e-14
1.902e+03         2.650e+01         2.050e+05         2.114e-02         3.991e-01         2.831e-14
1.907e+03         2.655e+01         2.054e+05         2.112e-02         3.997e-01         2.842e-14
1.912e+03         2.660e+01         2.058e+05         2.111e-02         4.003e-01         2.852e-14
1.916e+03         2.665e+01         2.062e+05         2.109e-02         4.009e-01         2.863e-14
1.921e+03         2.670e+01         2.066e+05         2.108e-02         4.015e-01         2.873e-14
1.926e+03         2.675e+01         2.069e+05         2.106e-02         4.021e-01         2.884e-14
1.930e+03         2.680e+01         2.073e+05         2.105e-02         4.027e-01         2.894e-14
1.935e+03         2.685e+01         2.077e+05         2.103e-02         4.033e-01         2.904e-14
1.940e+03         2.690e+01         2.081e+05         2.101e-02         4.040e-01         2.915e-14
1.945e+03         2.695e+01         2.085e+05         2.100e-02         4.046e-01         2.925e-14
1.949e+03         2.700e+01         2.089e+05         2.098e-02         4.052e-01         2.936e-14
1.954e+03         2.705e+01         2.093e+05         2.097e-02         4.058e-01         2.946e-14
1.959e+03         2.710e+01         2.097e+05         2.095e-02         4.064e-01         2.957e-14
1.964e+03         2.715e+01         2.101e+05         2.094e-02         4.070e-01         2.967e-14
1.968e+03         2.720e+01         2.104e+05         2.092e-02         4.076e-01         2.978e-14
1.973e+03         2.725e+01         2.108e+05         2.091e-02         4.082e-01         2.988e-14
1.978e+03         2.730e+01         2.112e+05         2.089e-02         4.088e-01         2.999e-14
1.982e+03         2.735e+01         2.116e+05         2.088e-02         4.094e-01         3.009e-14
1.987e+03         2.740e+01         2.120e+05         2.086e-02         4.101e-01         3.020e-14
1.992e+03         2.745e+01         2.124e+05         2.085e-02         4.107e-01         3.030e-14
1.997e+03         2.750e+01         2.127e+05         2.083e-02         4.113e-01         3.040e-14
2.001e+03         2.755e+01         2.131e+05         2.082e-02         4.119e-01         3.051e-14
2.006e+03         2.760e+01         2.135e+05         2.081e-02         4.125e-01         3.061e-14
2.011e+03         2.765e+01         2.139e+05         2.079e-02         4.132e-01         3.072e-14
2.016e+03         2.770e+01         2.143e+05         2.078e-02         4.138e-01         3.082e-14
2.020e+03         2.775e+01         2.146e+05         2.076e-02         4.144e-01         3.093e-14
2.025e+03         2.779e+01         2.150e+05         2.075e-02         4.150e-01         3.103e-14
2.030e+03         2.784e+01         2.154e+05         2.073e-02         4.156e-01         3.114e-14
2.035e+03         2.789e+01         2.158e+05         2.072e-02         4.162e-01         3.124e-14
2.039e+03         2.794e+01         2.162e+05         2.070e-02         4.169e-01         3.134e-14
2.044e+03         2.799e+01         2.165e+05         2.069e-02         4.175e-01         3.145e-14
2.049e+03         2.804e+01         2.169e+05         2.068e-02         4.181e-01         3.155e-14
2.053e+03         2.809e+01         2.173e+05         2.066e-02         4.187e-01         3.166e-14
2.058e+03         2.814e+01         2.177e+05         2.065e-02         4.193e-01         3.176e-14
2.063e+03         2.818e+01         2.180e+05         2.063e-02         4.200e-01         3.187e-14
2.068e+03         2.823e+01         2.184e+05         2.062e-02         4.206e-01         3.197e-14
2.072e+03         2.828e+01         2.188e+05         2.061e-02         4.212e-01         3.208e-14
2.077e+03         2.833e+01         2.192e+05         2.059e-02         4.218e-01         3.218e-14
2.082e+03         2.838e+01         2.195e+05         2.058e-02         4.225e-01         3.228e-14
2.087e+03         2.843e+01         2.199e+05         2.056e-02         4.231e-01         3.239e-14
2.091e+03         2.847e+01         2.203e+05         2.055e-02         4.237e-01         3.249e-14
2.096e+03         2.852e+01         2.207e+05         2.053e-02         4.243e-01         3.260e-14
2.101e+03         2.857e+01         2.210e+05         2.052e-02         4.250e-01         3.270e-14
2.106e+03         2.862e+01         2.214e+05         2.051e-02         4.256e-01         3.280e-14
2.110e+03         2.866e+01         2.218e+05         2.049e-02         4.262e-01         3.291e-14
2.115e+03         2.871e+01         2.221e+05         2.048e-02         4.268e-01         3.301e-14
2.120e+03         2.876e+01         2.225e+05         2.047e-02         4.275e-01         3.312e-14
2.124e+03         2.881e+01         2.229e+05         2.045e-02         4.281e-01         3.322e-14
2.129e+03         2.886e+01         2.232e+05         2.044e-02         4.287e-01         3.333e-14
2.134e+03         2.890e+01         2.236e+05         2.043e-02         4.293e-01         3.343e-14
2.139e+03         2.895e+01         2.240e+05         2.041e-02         4.300e-01         3.353e-14
2.143e+03         2.900e+01         2.243e+05         2.040e-02         4.306e-01         3.364e-14
2.148e+03         2.905e+01         2.247e+05         2.039e-02         4.312e-01         3.374e-14
2.153e+03         2.909e+01         2.251e+05         2.037e-02         4.318e-01         3.385e-14
2.158e+03         2.914e+01         2.254e+05         2.036e-02         4.325e-01         3.395e-14
2.162e+03         2.919e+01         2.258e+05         2.035e-02         4.331e-01         3.406e-14
2.167e+03         2.923e+01         2.262e+05         2.033e-02         4.337e-01         3.416e-14
2.172e+03         2.928e+01         2.265e+05         2.032e-02         4.343e-01         3.426e-14
2.176e+03         2.933e+01         2.269e+05         2.031e-02         4.350e-01         3.437e-14
2.181e+03         2.937e+01         2.272e+05         2.030e-02         4.356e-01         3.447e-14
2.186e+03         2.942e+01         2.276e+05         2.028e-02         4.362e-01         3.458e-14
2.191e+03         2.947e+01         2.280e+05         2.027e-02         4.368e-01         3.468e-14
2.195e+03         2.951e+01         2.283e+05         2.026e-02         4.375e-01         3.478e-14
2.200e+03         2.956e+01         2.287e+05         2.025e-02         4.381e-01         3.489e-14
2.205e+03         2.961e+01         2.290e+05         2.023e-02         4.387e-01         3.499e-14
2.210e+03         2.965e+01         2.294e+05         2.022e-02         4.394e-01         3.510e-14
2.214e+03         2.970e+01         2.298e+05         2.021e-02         4.400e-01         3.520e-14
2.219e+03         2.975e+01         2.301e+05         2.020e-02         4.406e-01         3.530e-14
2.224e+03         2.979e+01         2.305e+05         2.018e-02         4.413e-01         3.541e-14
2.229e+03         2.984e+01         2.308e+05         2.017e-02         4.419e-01         3.551e-14
2.233e+03         2.988e+01         2.312e+05         2.016e-02         4.425e-01         3.561e-14
2.238e+03         2.993e+01         2.315e+05         2.014e-02         4.432e-01         3.572e-14
2.243e+03         2.998e+01         2.319e+05         2.013e-02         4.438e-01         3.582e-14
2.247e+03         3.002e+01         2.323e+05         2.012e-02         4.444e-01         3.592e-14
2.252e+03         3.007e+01         2.326e+05         2.011e-02         4.451e-01         3.603e-14
2.257e+03         3.011e+01         2.330e+05         2.009e-02         4.457e-01         3.613e-14
2.262e+03         3.016e+01         2.333e+05         2.008e-02         4.464e-01         3.624e-14
2.266e+03         3.020e+01         2.337e+05         2.007e-02         4.470e-01         3.634e-14
2.271e+03         3.025e+01         2.340e+05         2.006e-02         4.476e-01         3.644e-14
2.276e+03         3.029e+01         2.344e+05         2.005e-02         4.483e-01         3.655e-14
2.281e+03         3.034e+01         2.347e+05         2.003e-02         4.489e-01         3.665e-14
2.285e+03         3.038e+01         2.351e+05         2.002e-02         4.496e-01         3.675e-14
2.290e+03         3.043e+01         2.354e+05         2.001e-02         4.502e-01         3.686e-14
2.295e+03         3.047e+01         2.358e+05         2.000e-02         4.508e-01         3.696e-14
2.299e+03         3.052e+01         2.361e+05         1.999e-02         4.515e-01         3.706e-14
2.304e+03         3.056e+01         2.365e+05         1.997e-02         4.521e-01         3.717e-14
2.309e+03         3.061e+01         2.368e+05         1.996e-02         4.528e-01         3.727e-14
2.314e+03         3.065e+01         2.371e+05         1.995e-02         4.534e-01         3.737e-14
2.318e+03         3.070e+01         2.375e+05         1.994e-02         4.541e-01         3.748e-14
2.323e+03         3.074e+01         2.378e+05         1.993e-02         4.547e-01         3.758e-14
2.328e+03         3.079e+01         2.382e+05         1.991e-02         4.553e-01         3.768e-14
2.333e+03         3.083e+01         2.385e+05         1.990e-02         4.560e-01         3.778e-14
2.337e+03         3.088e+01         2.389e+05         1.989e-02         4.566e-01         3.789e-14
2.342e+03         3.092e+01         2.392e+05         1.988e-02         4.573e-01         3.799e-14
2.347e+03         3.097e+01         2.396e+05         1.987e-02         4.579e-01         3.809e-14
2.352e+03         3.101e+01         2.399e+05         1.986e-02         4.586e-01         3.820e-14
2.356e+03         3.105e+01         2.402e+05         1.985e-02         4.592e-01         3.830e-14
2.361e+03         3.110e+01         2.406e+05         1.983e-02         4.599e-01         3.840e-14
